[[0, 14, 8, 10], [14, 0, 2, 16], [8, 2, 0, 17], [10, 16, 17, 0]]
[[0, 11, 6, 8], [11, 0, 13, 15], [6, 13, 0, 3], [8, 15, 3, 0]]
[[0, 2, 10, 3], [2, 0, 1, 1], [10, 1, 0, 17], [3, 1, 17, 0]]
[[0, 6, 19, 6], [6, 0, 6, 6], [19, 6, 0, 18], [6, 6, 18, 0]]
[[0, 8, 11, 18], [8, 0, 6, 12], [11, 6, 0, 2], [18, 12, 2, 0]]
[[0, 19, 0, 3], [19, 0, 15, 19], [0, 15, 0, 2], [3, 19, 2, 0]]
[[0, 6, 19, 17], [6, 0, 14, 0], [19, 14, 0, 7], [17, 0, 7, 0]]
[[0, 7, 13, 4], [7, 0, 3, 3], [13, 3, 0, 13], [4, 3, 13, 0]]
[[0, 8, 11, 10], [8, 0, 5, 7], [11, 5, 0, 19], [10, 7, 19, 0]]
[[0, 14, 7, 0], [14, 0, 10, 0], [7, 10, 0, 1], [0, 0, 1, 0]]
